0.0250551 2.41026
0.344198 1.87179
0.3904 1.46154
0.404626 1.33333
0.471122 1.28205
0.551597 1.15385
0.556253 0.794872
0.778597 0.666667
0.784202 0.384615
0.827349 0.384615
0.85738 0.384615
0.974331 0.384615
1.50787 0.384615
1.94325 0.384615
2.00292 0.384615
2.11911 0.384615
2.2007 0.25641
2.82824 0.25641
3.72057 0.25641
4.16282 0.179487
4.62807 0.128205
4.64896 0.128205
4.65289 0.128205
5.75889 0.128205
5.79135 0.128205
5.96884 0.0769231
6.65474 0.0769231
9.79629 -0.0769231
10.3294 -0.0769231
10.3519 -0.0769231
11.3398 -0.0769231
11.6545 -0.0769231
11.8115 -0.0769231
12.2777 -0.0769231
13.0827 -0.0769231
13.3839 -0.0769231
14.3812 -0.0769231
14.6543 -0.0769231
16.2406 -0.0769231
16.4058 -0.0769231
17.0577 -0.0769231
17.1977 -0.0769231
18.0419 -0.0769231
18.32 -0.179487
18.5337 -0.179487
18.9292 -0.179487
19.6693 -0.179487
19.9206 -0.179487
20.4568 -0.179487
20.8077 -0.179487
21.2743 -0.179487
21.829 -0.179487
22.4159 -0.179487
22.8341 -0.179487
23.1619 -0.179487
24.0075 -0.179487
24.0149 -0.179487
24.0618 -0.179487
24.1682 -0.179487
24.868 -0.179487
25.1399 -0.179487
25.1441 -0.179487
25.3567 -0.179487
25.5006 -0.179487
26.3768 -0.179487
26.9149 -0.179487
27.0296 -0.179487
27.2452 -0.179487
28.1042 -0.179487
28.9229 -0.179487
28.956 -0.179487
29.5675 -0.179487
29.6789 -0.179487
30.4785 -0.179487
30.8646 -0.179487
31.1837 -0.179487
31.3832 -0.179487
31.6693 -0.179487
31.9533 -0.179487
32.2092 -0.179487
32.5233 -0.307692
33.1261 -0.307692
33.5193 -0.307692
33.8698 -0.307692
34.6683 -0.307692
34.9333 -0.307692
35.077 -0.307692
36.3787 -0.307692
37.1747 -0.307692
37.2335 -0.307692
37.7532 -0.307692
38.5632 -0.307692
39.5231 -0.307692
39.7665 -0.307692
41.6736 -0.307692
43.1152 -0.307692
43.7244 -0.307692
43.8768 -0.307692
44.6158 -0.307692
44.7191 -0.307692
45.0948 -0.307692
46.5935 -0.307692
47.2378 -0.307692
47.5121 -0.307692
48.8663 -0.307692
49.2822 -0.307692
50.2396 -0.307692
50.2446 -0.307692
50.4606 -0.307692
51.4351 -0.307692
51.5807 -0.307692
52.2088 -0.307692
52.2581 -0.307692
54.1937 -0.307692
55.01 -0.307692
55.1603 -0.307692
55.3195 -0.307692
55.9869 -0.307692
56.1141 -0.307692
57.081 -0.307692
57.1087 -0.307692
57.1995 -0.307692
57.2347 -0.307692
57.2636 -0.307692
57.523 -0.307692
58.2262 -0.307692
58.3608 -0.307692
58.643 -0.307692
58.8111 -0.307692
58.9534 -0.307692
59.0913 -0.307692
