0.130138 2.04698
0.437729 1.1258
0.536119 0.188434
0.647031 0.1621
1.18379 0.123132
2.19111 0.115658
2.27731 0.112633
2.44304 0.112989
2.51812 0.112633
2.81759 0.11032
2.90354 0.105872
3.07419 0.0918149
3.88005 0.0912811
4.05385 0.0912811
4.138 0.0850534
4.21319 0.083274
4.37807 0.0793594
4.61668 0.0782918
4.84644 0.0747331
5.26062 0.0740214
5.343 0.0701068
5.5879 0.0699288
5.67135 0.0683274
6.39348 0.0672598
6.55499 0.0669039
7.03443 0.0651246
7.35775 0.0624555
7.67577 0.0560498
8.2605 0.052847
8.66963 0.052847
9.05769 0.0524911
9.22378 0.0512456
9.3808 0.0487544
9.52683 0.0494662
9.60125 0.0487544
9.68574 0.0480427
10.0052 0.0459075
10.5664 0.0469751
10.9717 0.0467972
11.0611 0.0466192
11.3015 0.0464413
11.3787 0.0462633
11.5345 0.0441281
12.1076 0.0441281
12.1812 0.0428826
12.4138 0.0428826
14.1783 0.0427046
14.2521 0.0414591
15.79 0.0414591
16.2497 0.0411032
16.8962 0.0377224
17.0496 0.0364769
17.1311 0.0377224
19.4167 0.0375445
19.8333 0.0377224
20.1289 0.0371886
21.234 0.036121
22.9663 0.036121
24.3852 0.036121
24.9164 0.036121
25.5281 0.036121
25.6839 0.0357651
25.9106 0.0354093
26.4039 0.0352313
26.4865 0.0352313
26.7175 0.0350534
26.7976 0.0339858
27.0407 0.0338078
27.2944 0.0307829
27.5375 0.0288256
27.7808 0.0258007
28.4573 0.0234875
29.0627 0.0234875
29.5886 0.0227758
32.787 0.0227758
34.4045 0.0231317
34.8061 0.0217082
36.1219 0.0217082
37.9927 0.0209964
38.0693 0.0199288
38.2266 0.019573
38.5577 0.0177936
42.1808 0.0177936
44.9269 0.0177936
45.3076 0.0177936
46.8689 0.0176157
49.1549 0.0176157
50.0237 0.0176157
52.1466 0.0176157
53.5 0.0163701
54.3114 0.0153025
55.0196 0.0145907
55.4117 0.0135231
57.1575 0.0126335
59.7964 0.0126335
