1.17532 7.85227
2.19267 7.61924
4.99569 7.47368
5.94327 7.46388
6.93241 7.37858
7.88815 7.29728
8.91249 7.29728
10.7728 7.28966
11.7526 7.25045
12.8209 7.16624
13.7261 7.15862
14.7279 7.06715
16.6644 7.01379
17.6873 7.04537
18.7234 7.02904
19.648 7.01125
20.6454 6.97895
21.5878 6.97895
22.5475 6.91397
23.5351 6.90054
24.4091 6.89909
27.5597 6.90054
28.5325 6.82214
29.6186 6.80653
30.6817 6.74991
32.6255 6.68857
33.6085 6.6686
34.5678 6.65626
36.4933 6.59165
37.5316 6.58294
38.5347 6.53358
40.1806 6.51978
41.3631 6.51652
42.4728 6.49365
44.4839 6.46388
45.3827 6.46679
47.2024 6.41779
48.1687 6.3873
49.1526 6.35318
50.2618 6.34555
51.4226 6.19927
53.4761 6.15681
54.6742 6.15681
55.7046 6.16624
56.6418 6.14628
57.6012 6.16624
58.5972 6.1677
59.633 6.14628
59.633 6.14628
